iteration;app_name;categoryId;reviewId;sentenceId;at;score;feature;review;sentence;generated_at;Joy;Trust;Fear;Surprise;Sadness;Disgust;Anger;Anticipation;Neutral;Reject
;;;;;;;;This app has completely transformed my daily routine! The new meditation feature is absolutely fantastic and brings me so much peace every morning.;The new meditation feature is absolutely fantastic and brings me so much peace every morning.;2026-09-29T07:35:29.726932+00:00;1;0;0;0;0;0;0;0;0;0
;;;;;;;;I've tried several fitness apps, but this one is by far the best. The workout plans are fun, challenging, and keep me motivated every day!;The workout plans are fun, challenging, and keep me motivated every day!;2026-09-29T07:35:29.726938+00:00;1;0;0;0;0;0;0;0;0;0
;;;;;;;;I love how simple and intuitive this app is. The dark mode is a great addition—I can finally use it at night without straining my eyes.;I love how simple and intuitive this app is.;2026-09-29T07:35:29.726941+00:00;1;0;0;0;0;0;0;0;0;0
;;;;;;;;The customization options in this app are incredible! I can tailor everything to my preferences, and it feels like it was made just for me.;The customization options in this app are incredible!;2026-09-29T07:35:29.726943+00:00;1;0;0;0;0;0;0;0;0;0
;;;;;;;;This app has made budgeting so much easier and even enjoyable. The visual reports are a joy to look at and help me stay on track effortlessly.;The visual reports are a joy to look at and help me stay on track effortlessly.;2026-09-29T07:35:29.726945+00:00;1;0;0;0;0;0;0;0;0;0
;;;;;;;;I never thought I'd enjoy a language learning app this much! The gamified lessons make it feel like playing a game rather than studying.;The gamified lessons make it feel like playing a game rather than studying.;2026-09-29T07:35:29.726947+00:00;1;0;0;0;0;0;0;0;0;0
;;;;;;;;The new update is amazing! The added widgets are not only beautiful but also super functional—I use them all the time now.;The added widgets are not only beautiful but also super functional—I use them all the time now.;2026-09-29T07:35:29.726949+00:00;1;0;0;0;0;0;0;0;0;0
;;;;;;;;This app has become my go-to for recipe ideas. The step-by-step videos are so clear and make cooking feel like a breeze. I’m always excited to try new dishes!;I’m always excited to try new dishes!;2026-09-29T07:35:29.726951+00:00;1;0;0;0;0;0;0;0;0;0
;;;;;;;;I adore the community feature in this app. It’s so uplifting to connect with like-minded people and share our progress together.;It’s so uplifting to connect with like-minded people and share our progress together.;2026-09-29T07:35:29.726953+00:00;1;0;0;0;0;0;0;0;0;0
;;;;;;;;The sleep stories in this app are pure magic. They help me unwind after a long day, and I always wake up feeling refreshed and happy.;The sleep stories in this app are pure magic.;2026-09-29T07:35:29.726954+00:00;1;0;0;0;0;0;0;0;0;0
;;;;;;;;I can’t get enough of the new AR feature! It’s so much fun to see how furniture would look in my space before buying anything. This app is a game-changer.;It’s so much fun to see how furniture would look in my space before buying anything.;2026-09-29T07:35:29.726956+00:00;1;0;0;0;0;0;0;0;0;0
;;;;;;;;This app has made journaling a delightful habit. The prompts are thoughtful, and the interface is so clean and inviting—I look forward to writing every day.;The prompts are thoughtful, and the interface is so clean and inviting—I look forward to writing every day.;2026-09-29T07:35:29.726958+00:00;1;0;0;0;0;0;0;0;0;0
;;;;;;;;The customer support team for this app is outstanding! They resolved my issue within minutes, and I felt so valued as a user. What a great experience!;I felt so valued as a user. What a great experience!;2026-09-29T07:35:29.726959+00:00;1;0;0;0;0;0;0;0;0;0
;;;;;;;;I’m obsessed with the new themes in this app. They’re vibrant, stylish, and make using the app such a joyful experience every time.;They’re vibrant, stylish, and make using the app such a joyful experience every time.;2026-09-29T07:35:29.726961+00:00;1;0;0;0;0;0;0;0;0;0
;;;;;;;;This app has helped me build better habits effortlessly. The reminders are gentle but effective, and I love seeing my progress grow each day.;I love seeing my progress grow each day.;2026-09-29T07:35:29.726963+00:00;1;0;0;0;0;0;0;0;0;0
;;;;;;;;The music integration in this app is brilliant. I can easily create playlists for my workouts, and it makes exercising so much more enjoyable.;It makes exercising so much more enjoyable.;2026-09-29T07:35:29.726964+00:00;1;0;0;0;0;0;0;0;0;0
;;;;;;;;I never thought I’d say this about a productivity app, but I genuinely look forward to using it. The rewards system keeps me engaged and happy!;I genuinely look forward to using it.;2026-09-29T07:35:29.726966+00:00;1;0;0;0;0;0;0;0;0;0
;;;;;;;;This app has brought so much laughter into my life. The meme generator is hilarious, and I love sharing my creations with friends.;The meme generator is hilarious, and I love sharing my creations with friends.;2026-09-29T07:35:29.726968+00:00;1;0;0;0;0;0;0;0;0;0
;;;;;;;;The new social feature is a fantastic addition. It’s so heartwarming to see how others are using the app and to celebrate their successes together.;It’s so heartwarming to see how others are using the app and to celebrate their successes together.;2026-09-29T07:35:29.726969+00:00;1;0;0;0;0;0;0;0;0;0
;;;;;;;;I’ve recommended this app to all my friends because it’s just that good. The user experience is seamless, and I’m always discovering new features to love.;The user experience is seamless, and I’m always discovering new features to love.;2026-09-29T07:35:29.726971+00:00;1;0;0;0;0;0;0;0;0;0
