sentence,true_emotions,pred_emotions
Excel GPS navigation.,Joy,"Joy, Trust, Surprise, Sadness, Disgust, Anger, Anticipation, Neutral"
Good app but I find some problem in synchronization with my watch and I need to disconnect.,"Joy, Sadness","Joy, Trust, Fear, Surprise, Sadness, Disgust, Anger, Anticipation, Neutral"
The best app for make stickers for Whatsap.,Trust,"Joy, Trust, Fear, Surprise, Sadness, Disgust, Anger, Anticipation, Neutral"
STANDARD NOTE really works well and is 100% encrypted.,Joy,"Joy, Trust, Fear, Surprise, Sadness, Disgust, Anger, Anticipation, Neutral"
Use to be good now its just spam bots and ads,Disgust,"Joy, Trust, Fear, Surprise, Sadness, Disgust, Anger, Anticipation, Neutral"
Cloud sync not working now.,Sadness,"Joy, Trust, Fear, Surprise, Sadness, Disgust, Anger, Anticipation, Neutral"
The search button doesn't work and when I click on a pinned message it jumps to the begging of the chat.,Sadness,"Joy, Trust, Fear, Surprise, Sadness, Disgust, Anger, Anticipation, Neutral"
"Lists/sub-Lists, notifications, tags and backups sure but... now with Image attachments!",Joy,"Joy, Trust, Fear, Surprise, Sadness, Disgust, Anger, Anticipation, Neutral"
"When it comes to the web, the calendar sync stops working all the time so I've decided it's time for me to find something else that more consistent and reliable.","Sadness, Disgust","Joy, Trust, Fear, Surprise, Sadness, Disgust, Anger, Anticipation, Neutral"
Is there a way to categorize the messages by person?,Neutral,"Joy, Trust, Fear, Surprise, Sadness, Disgust, Anger, Anticipation, Neutral"
"Despite the last update meaning to fix this, it's completely broken for anything media related, including hyperlinks to media.",Sadness,"Joy, Trust, Fear, Surprise, Sadness, Disgust, Anger, Anticipation, Neutral"
I like that it syncs across devices.,Joy,"Joy, Trust, Fear, Surprise, Sadness, Disgust, Anticipation, Neutral"
Add hide chat features,Anticipation,"Joy, Trust, Fear, Surprise, Sadness, Disgust, Anticipation, Neutral"
"Compact routing application with complete and accurate maps, excellent speaker.",Joy,"Joy, Trust, Fear, Surprise, Sadness, Disgust, Anticipation, Neutral"
"Very useful App,especially at the time of soaring fuel prices and ecological concerns.",Joy,"Joy, Trust, Fear, Surprise, Sadness, Disgust, Anger, Anticipation, Neutral"
This app opportunity should be monetised by asking some amount for ride publishing .,Anticipation,"Joy, Trust, Fear, Surprise, Sadness, Disgust, Anger, Anticipation, Neutral"
This app becomes a mobile app when listening to voice messages sent by friends,Neutral,"Joy, Trust, Fear, Surprise, Sadness, Disgust, Anticipation, Neutral"
"Its aa very good app,helps in deleting messges, appears fast,but it shoud improve in one time watch videos and photos in whats app also show in WAMR application ,otherwise it's aa good app....","Joy, Anticipation","Joy, Trust, Fear, Surprise, Sadness, Disgust, Anticipation"
Bookmarked.,Neutral,"Joy, Trust, Fear, Surprise, Sadness, Disgust, Anger, Anticipation, Neutral"
I am satisfied with the high level of performance.,Joy,"Joy, Trust, Fear, Surprise, Sadness, Disgust, Anger, Anticipation, Neutral"
"You cannot put an image into a note, you cannot record a voice message, no text formatting...",Sadness,"Joy, Trust, Fear, Surprise, Sadness, Disgust, Anger, Anticipation"
I can't believe how easy it is to add different type of items to the notebooks to access later.,Joy,"Joy, Trust, Fear, Surprise, Sadness, Disgust, Anger, Anticipation, Neutral"
The best note taking app with material design.,Trust,"Joy, Trust, Fear, Surprise, Sadness, Disgust, Anticipation, Neutral"
Just the text label with the timer status is odd.,Sadness,"Joy, Trust, Fear, Surprise, Sadness, Disgust, Anger, Anticipation, Neutral"
so look telegram app bhi use Karo telegram 🤗🤗🤗🤗,None,"Joy, Trust, Fear, Surprise, Sadness, Disgust, Anger, Anticipation, Neutral"
Samsung should expand their food database and add look into adding a barcode option.,Anticipation,"Joy, Trust, Fear, Surprise, Sadness, Disgust, Anticipation, Neutral"
"I had the weather channel app,but it was draining my battery too fast.",Sadness,"Joy, Trust, Fear, Surprise, Sadness, Disgust, Anger, Anticipation, Neutral"
"App have a nice UI but there is lot of features in original app that missed here, so with all respect i prefer to use orginal telegram.","Joy, Disgust","Joy, Trust, Fear, Surprise, Sadness, Disgust, Anger, Anticipation, Neutral"
Can we see history of organized meeting.,Anticipation,"Joy, Trust, Fear, Surprise, Sadness, Disgust, Anger, Anticipation, Neutral"
It's a to do list that you pay money for.,Sadness,"Joy, Trust, Surprise, Sadness, Disgust, Anger, Anticipation, Neutral"
After recent update I had a synchronise issue with app watch data not synchronising with Mobile app in my IQOO 3 Device even service centre person cannot resolve the issue,Sadness,"Joy, Trust, Fear, Surprise, Sadness, Disgust, Anger, Anticipation"
THERE ISN'T PROBLEM IN REGULAR TELEGRAM.,Neutral,"Trust, Surprise, Anger, Neutral"
I'm a personal trainer so I've got a webcal sync for gym shifts that get automatically loaded and a Google calendar sync for my personal appointments.,Trust,"Joy, Trust, Fear, Surprise, Sadness, Disgust, Anger, Anticipation, Neutral"
Probably the best habit tracker I've come across,Trust,"Joy, Trust, Fear, Surprise, Sadness, Disgust, Anger, Anticipation, Neutral"
Excellent Pomo app pom timer doesn't pause if the screen locks or you open another app,Joy,"Joy, Trust, Fear, Surprise, Sadness, Disgust, Anticipation"
Good timer!,Joy,"Joy, Trust, Surprise, Sadness, Anger, Anticipation, Neutral"
Please make a desktop app,Anticipation,"Joy, Trust, Fear, Surprise, Sadness, Disgust, Anticipation, Neutral"
"This app took payment today, no subscription page to manage the account, no warning it was going to take money, no support page or email publicly on the site.","Fear, Sadness","Joy, Trust, Fear, Surprise, Sadness, Disgust, Anger, Anticipation, Neutral"
Ability to place imported pictures at any place in the pdf not only on left margine.,Anticipation,"Joy, Trust, Fear, Surprise, Sadness, Disgust, Anger, Anticipation, Neutral"
Only get nonsensical canned responses.,Sadness,"Joy, Trust, Fear, Surprise, Sadness, Disgust, Anger, Anticipation, Neutral"
Bus only routing used to be a paid of the free options now you have to pay for it.,Sadness,"Joy, Trust, Fear, Surprise, Sadness, Disgust, Anger, Anticipation, Neutral"
Telegram is good platform,Joy,"Joy, Trust, Fear, Surprise, Sadness, Disgust, Anger, Anticipation, Neutral"
"The app now includes: Web browser, Games, News, OneDrive, Math solver, Unit converter, Translator, etc.",Joy,"Joy, Trust, Fear, Surprise, Sadness, Disgust, Anticipation, Neutral"
As I cycle nearly every day the App combines walking from the watch and somehow treats my cycling as steps and produces a ridiculously high step count.,Sadness,"Joy, Trust, Fear, Surprise, Sadness, Disgust, Anger, Anticipation, Neutral"
"Reinstalled Receive a ""Google Smart Lock"" prompt, then App crashes",Sadness,"Joy, Trust, Fear, Surprise, Sadness, Disgust, Anticipation, Neutral"
But yet there is no way to share notebooks with friends.,Sadness,"Joy, Trust, Fear, Surprise, Sadness, Disgust, Anger, Anticipation, Neutral"
I have lost so many of my recorded tracks in the switch over!!,Sadness,"Joy, Trust, Fear, Surprise, Sadness, Anger, Anticipation, Neutral"
"Edited: Since the update, developers noticed my review and solved some of my problems but only 1 thing, ""People nearby"" Hopefully this will be available.","Joy, Anticipation","Joy, Trust, Fear, Surprise, Sadness, Disgust, Anger, Anticipation, Neutral"
Customizable and free,Joy,"Joy, Trust, Fear, Surprise, Sadness, Disgust, Anger, Anticipation, Neutral"
"This is a wonderful app thankyou , kindly its my suggestion that you bring on bord the language translator option.......","Joy, Anticipation","Joy, Trust, Fear, Surprise, Sadness, Disgust, Anger, Anticipation, Neutral"
"Simple clean interface, but still customisable to quite a high level.",Joy,"Joy, Trust, Fear, Surprise, Sadness, Disgust, Anticipation, Neutral"
"Also, cloud storage service is spotless.",Joy,"Joy, Trust, Fear, Surprise, Sadness, Disgust, Anticipation, Neutral"
"If youre here your most likely trying to find a better alternative to MyFitnessApp and it is, as far as i can tell there is no overpriced premium and has all the essentials for nutrients and macros.","Joy, Trust","Joy, Trust, Fear, Surprise, Sadness, Disgust, Anger, Anticipation, Neutral"
But I want my JellyBean ASOP 4.1 circular clock widget back.,"Sadness, Anticipation","Joy, Trust, Fear, Surprise, Sadness, Disgust, Anger, Anticipation, Neutral"
"Keep up guys I loved the app with the image attachment, cloud sync service .",Joy,"Joy, Trust, Fear, Surprise, Sadness, Disgust, Anticipation, Neutral"
This App is also a privacy concern and collects way too much personal information!,Fear,"Joy, Trust, Fear, Surprise, Sadness, Disgust, Anger, Anticipation, Neutral"
Customizable at its best.,Joy,"Joy, Trust, Fear, Surprise, Sadness, Disgust, Anger, Anticipation, Neutral"
Needs support for samsung secure folder.,"Sadness, Anticipation","Joy, Trust, Fear, Surprise, Sadness, Disgust, Anticipation, Neutral"
Only suggestion from me would be a replay button for when I want to listen to a tone while sleeping.,Anticipation,"Joy, Trust, Fear, Surprise, Sadness, Disgust, Anger, Anticipation, Neutral"
I paid the modest fee for premium service and can set up recurring tasks as easily as I can in Outlook.,Trust,"Joy, Trust, Fear, Surprise, Sadness, Disgust, Anger, Anticipation, Neutral"
PROS: ||,None,"Joy, Trust, Surprise, Sadness, Disgust, Anger, Anticipation, Neutral"
"I'm using AirVisual app instead, which shows all of Airnow sensors and thousands of other sensors from community members.",Disgust,"Joy, Trust, Fear, Surprise, Sadness, Disgust, Anticipation, Neutral"
"I have been using it for many years and I love it, especially I am able to save my documents with password and sync across devices.",Trust,"Joy, Trust, Fear, Surprise, Sadness, Disgust, Anger, Anticipation, Neutral"
*revised* the app stopped finding gps a few years ago and is no longer very useful.,Disgust,"Joy, Trust, Fear, Surprise, Sadness, Disgust, Anger, Anticipation, Neutral"
I can't send messages from my telegram account,Sadness,"Joy, Trust, Fear, Surprise, Sadness, Disgust, Anger, Anticipation, Neutral"
They made recurring tasks a premium feature.,Surprise,"Joy, Trust, Fear, Surprise, Sadness, Disgust, Anticipation, Neutral"
"I love this app, but until I can sync between devices, it's functionality it's limited....","Joy, Sadness","Joy, Trust, Fear, Surprise, Sadness, Disgust, Anger, Anticipation"
Please add a feature that we can restrict a Group Chat.,Anticipation,"Joy, Trust, Fear, Surprise, Sadness, Disgust, Anticipation"
Same as everyone else's review: Screws up your distance calculations rendering any tracking useless.,Sadness,"Joy, Trust, Fear, Surprise, Sadness, Disgust, Anger, Anticipation, Neutral"
Super flexible and perfect for ad-hoc notetaking!,Joy,"Joy, Trust, Fear, Surprise, Sadness, Disgust, Anger, Anticipation, Neutral"
Very Educational.,Joy,"Joy, Trust, Fear, Surprise, Sadness, Disgust, Anger, Anticipation, Neutral"
Thus rendering an expensive watch virtually useless.,Disgust,"Joy, Trust, Fear, Surprise, Sadness, Disgust, Anger, Anticipation, Neutral"
I love this app.....this app gives me so much relaxation...very workful app.....people should use this app who has any kind of problems in their life.,Trust,"Joy, Trust, Fear, Surprise, Sadness, Disgust, Anger, Anticipation, Neutral"
"Great tutorial, really helps",Joy,"Joy, Trust, Fear, Surprise, Sadness, Disgust, Anger, Anticipation, Neutral"
I'd like to be able to click on the notification and be taken to that link.,Anticipation,"Joy, Trust, Fear, Surprise, Sadness, Disgust, Anger, Anticipation, Neutral"
"It's not necessary to follow the IMAP SMS Backup+ workaround from Android Police, which also removes the login encryption to Plain Text.",Neutral,"Joy, Trust, Fear, Surprise, Sadness, Disgust, Anger, Anticipation, Neutral"
A great way to keep track of my running distance and calories burned!,Trust,"Joy, Trust, Fear, Surprise, Sadness, Disgust, Anger, Anticipation, Neutral"
I like being able to make a grocery list on my cellphone and cross things off as I get them.,Trust,"Joy, Trust, Fear, Surprise, Sadness, Disgust, Anger, Anticipation, Neutral"
Clean design and beautiful timer.,Joy,"Joy, Trust, Fear, Surprise, Sadness, Disgust, Anger, Anticipation, Neutral"
Buggy call functionality.,Sadness,"Joy, Trust, Fear, Surprise, Sadness, Disgust, Anticipation, Neutral"
"No Resent Updates, Cloud Based & csv export is avaliable in only pro.",Surprise,"Joy, Trust, Fear, Surprise, Sadness, Disgust, Anger, Anticipation"
It also works for grocery lists and even daily tasks.,Joy,"Joy, Trust, Fear, Surprise, Sadness, Disgust, Anger, Anticipation, Neutral"
Cloud Storage 🔥,Joy,"Joy, Trust, Surprise, Sadness, Anger, Anticipation, Neutral"
OneNote sync works as RSS subscription via Outlook.,Joy,"Joy, Trust, Fear, Surprise, Sadness, Disgust, Anger, Anticipation, Neutral"
stupid app doesn't give call recording option,Anger,"Joy, Trust, Fear, Surprise, Sadness, Disgust, Anger, Anticipation, Neutral"
Would be better if it has text to speech.,"Sadness, Anticipation","Joy, Trust, Fear, Surprise, Sadness, Disgust, Anger, Anticipation, Neutral"
I hate that the most relevant comments are prioritized in comment section.,Anger,"Joy, Trust, Fear, Surprise, Sadness, Disgust, Anger, Anticipation, Neutral"
Perfect diet planner and sleep tracker.,Joy,"Joy, Trust, Fear, Surprise, Sadness, Disgust, Anticipation, Neutral"
My notes are getting stored in internal memory (local Storage).,Neutral,"Joy, Trust, Fear, Surprise, Sadness, Disgust, Anger, Anticipation, Neutral"
Very fast and highly encrypted application,"Joy, Trust","Joy, Trust, Fear, Surprise, Sadness, Disgust, Anger, Anticipation, Neutral"
I would like to be able to use my own photos or graphics for any given notebook.,Anticipation,"Joy, Trust, Fear, Surprise, Sadness, Disgust, Anger, Anticipation, Neutral"
"On my black background and the transparency options combined, the text stands right out.",Neutral,"Joy, Trust, Fear, Surprise, Sadness, Disgust, Anger, Anticipation, Neutral"
Overall a great running app!,Joy,"Joy, Trust, Fear, Surprise, Sadness, Disgust, Anger, Anticipation, Neutral"
Love this Calendar!,Trust,"Joy, Trust, Fear, Surprise, Sadness, Disgust, Anger, Anticipation, Neutral"
Only good for steps and calorie counting now.,Sadness,"Joy, Trust, Surprise, Sadness, Anger, Anticipation, Neutral"
Excelent applition for instant messaging on WhatsApp.,Joy,"Joy, Trust, Fear, Surprise, Sadness, Disgust, Anger, Anticipation, Neutral"
"Encryption may be lacking..., Haven't had an issue yet!","Trust, Anticipation","Joy, Trust, Fear, Surprise, Sadness, Disgust, Anger, Anticipation, Neutral"
I just love the aspect that it restores deleted messages.,Trust,"Joy, Trust, Fear, Surprise, Sadness, Disgust, Anger, Anticipation, Neutral"
Not giving 5 stars cause there could be a few improvements:,"Sadness, Anticipation","Joy, Trust, Fear, Surprise, Sadness, Disgust, Anger, Anticipation, Neutral"
"Until last month I had no problems with the app but nowadays when I open battery saver mode my alarms give this warning: ""Battery saver might degrade your alarm and timer experience"", instead of ringing.","Surprise, Sadness","Joy, Trust, Fear, Surprise, Sadness, Disgust, Anger, Anticipation, Neutral"
Social networking aspects are nice but app fails to maintain tracking signal quite often losing signal during runs and rides.,"Joy, Sadness","Joy, Trust, Fear, Surprise, Sadness, Disgust, Anger, Anticipation, Neutral"
"[/EDIT] •• Cool Timer & StopWatch APP that is accurately, uniquely, and aesthetically designed with eye-soothing colorful themes for personalization.",Joy,"Joy, Trust, Fear, Surprise, Sadness, Disgust, Anger, Anticipation, Neutral"
My only issue with it is that the timers are in their own place.,Sadness,"Joy, Trust, Fear, Surprise, Sadness, Disgust, Anger, Anticipation, Neutral"
"So disappointing lately, I can't go back after opening the comments section unless I restart the phone.","Surprise, Sadness","Joy, Trust, Fear, Surprise, Sadness, Disgust, Anger, Anticipation, Neutral"
Great app for calendar viewing.,Joy,"Joy, Trust, Fear, Surprise, Sadness, Disgust, Anticipation, Neutral"
"I created a folder titled Keto&LoCarb then I add subfolders and categorize, ie.",Neutral,"Joy, Trust, Fear, Surprise, Sadness, Disgust, Anger, Anticipation, Neutral"
No subscriptions (yet).,Neutral,"Joy, Trust, Fear, Surprise, Sadness, Disgust, Anger, Anticipation, Neutral"
I Want to Complain About on Group Chat i can't able to Mention the @Everyone,Sadness,"Joy, Trust, Fear, Surprise, Sadness, Disgust, Anger, Anticipation, Neutral"
"This app was to good for personal messaging , I like his all feature only 1 feature I didn't like that was he consuming too many data for video call","Joy, Sadness","Joy, Trust, Fear, Surprise, Sadness, Disgust, Anticipation"
It was great but when the video is sent is timer it wont play and if i send any video in timer it plays in other mobile why is thi s prob i have updated the telegram app also to latest version,"Joy, Surprise","Joy, Trust, Fear, Surprise, Sadness, Disgust, Anger, Anticipation, Neutral"
I just loved it you can write notes keep them safe by putting a password and could also categories it it's truly awesome.... best note pad app ever to write notes as well as to keep them safe with the help of password,Trust,"Joy, Trust, Fear, Surprise, Sadness, Disgust, Anticipation, Neutral"
The recorded calls are no where stored in local storage and dosent provide location of the storage too,Surprise,"Joy, Trust, Fear, Surprise, Sadness, Disgust, Anger, Anticipation, Neutral"
"Great tool to have a synchronized, live, updated to do list that i can share with my wife.",Trust,"Joy, Trust, Fear, Surprise, Sadness, Disgust, Anticipation, Neutral"
Nice app but add an option of Private Chat which can be seen by adding only password and Patterns,"Joy, Anticipation","Joy, Trust, Fear, Surprise, Sadness, Disgust, Anticipation, Neutral"
"Simple to use, fast, small memory usage, no ads, saves automatically when you close the app.",Joy,"Joy, Trust, Fear, Surprise, Sadness, Disgust, Anger, Anticipation, Neutral"
"The syncing with calendars, Alexa and multi device support takes the cake for me.",Joy,"Joy, Trust, Fear, Surprise, Sadness, Disgust, Anger, Anticipation, Neutral"
I've used quite a few calorie counting apps.,Neutral,"Joy, Trust, Fear, Surprise, Sadness, Disgust, Anger, Anticipation, Neutral"
Radar doesn't work unless you pay for it,Sadness,"Joy, Trust, Fear, Surprise, Sadness, Disgust, Anger, Anticipation, Neutral"
"This app opens when I make or receive a phone call, it's really annoying, that is why I'm giving it a 1 star rating, I would give it a 1/2 star, if I could.","Surprise, Disgust","Joy, Trust, Fear, Surprise, Sadness, Disgust, Anger, Anticipation"
Good to capture photo with sudden and accurate geo tagging,Joy,"Joy, Trust, Fear, Surprise, Sadness, Disgust, Anticipation, Neutral"
it's missing a lot of features that if exists will make it better such as hyperlink,"Sadness, Anticipation","Joy, Trust, Fear, Surprise, Sadness, Disgust, Anticipation, Neutral"
I don't need this app recording my phone call info!,"Fear, Anger","Joy, Trust, Fear, Surprise, Sadness, Disgust, Anger, Anticipation, Neutral"
"Palaging sira eh, di ako nakakatanggap ng message sa crush paki ayos naman po sana.",None,"Joy, Trust, Fear, Surprise, Sadness, Anger, Anticipation, Neutral"
This is a very nice Radar App,Joy,"Joy, Trust, Fear, Surprise, Sadness, Disgust, Anger, Anticipation, Neutral"
great for shopping list and shared notes between people,Joy,"Joy, Trust, Fear, Surprise, Sadness, Disgust, Anticipation, Neutral"
Tiny Chat supposed to be vets in the game .,"Surprise, Sadness","Joy, Trust, Fear, Surprise, Sadness, Disgust, Anger, Anticipation, Neutral"
"2 hours of recording street view, 1h uploading and another for processing, to get error ""Publishing failed - unable to process location information"".",Sadness,"Joy, Trust, Fear, Surprise, Sadness, Disgust, Anger, Anticipation, Neutral"
"I also find the guides voices more relaxing and less ""smug wellness person"" (sorry!) than many of the Calm ones.",Trust,"Joy, Trust, Fear, Surprise, Sadness, Disgust, Anger, Anticipation, Neutral"
It is the perfect tool for throwing an online party or working from home.,Joy,"Joy, Trust, Fear, Surprise, Sadness, Disgust, Anger, Anticipation, Neutral"
Tor mar heda,None,"Joy, Trust, Fear, Surprise, Sadness, Disgust, Anger, Anticipation, Neutral"
"First is the OCR and ""writing to text"" conversion ability not being present in the app, and second is that ""search of the hand written text"" is also absent.",Sadness,"Joy, Trust, Fear, Surprise, Sadness, Disgust, Anger, Anticipation, Neutral"
Calendar sync is not happening,Sadness,"Joy, Trust, Fear, Surprise, Sadness, Disgust, Anger, Anticipation, Neutral"
This is the best Habit tracker I've seen,Trust,"Joy, Trust, Fear, Surprise, Sadness, Disgust, Anger, Anticipation, Neutral"
the material design is simple but stunning.,Joy,"Joy, Trust, Fear, Surprise, Sadness, Disgust, Anticipation, Neutral"
"There is no keyboard, stylus or touch screen action I can take which allows me to ""scroll.""",Sadness,"Joy, Trust, Fear, Surprise, Sadness, Disgust, Anger, Anticipation, Neutral"
Finally a simple calorie and macro tracker!,Joy,"Joy, Trust, Fear, Surprise, Sadness, Disgust, Anger, Anticipation, Neutral"
Not sure how to receive push notification reminders though.,Surprise,"Joy, Trust, Fear, Surprise, Sadness, Disgust, Anticipation, Neutral"
"WA should be errors free & should also update privacy settings more so that we can have fingerprint lock on archived chats also, as we have it in order to open WhatsApp.",Anticipation,"Joy, Trust, Fear, Surprise, Sadness, Disgust, Anger, Anticipation, Neutral"
"Simple and clean design, works perfectly.",Joy,"Joy, Trust, Fear, Surprise, Sadness, Disgust, Anger, Anticipation, Neutral"
I can't create group chat,Sadness,"Joy, Trust, Fear, Surprise, Sadness, Disgust, Anticipation, Neutral"
"I like that the quick button lets you choose the persistent option, but it would be good to be able to also add priority and date & time if required.","Joy, Anticipation","Joy, Trust, Fear, Surprise, Sadness, Disgust, Anticipation, Neutral"
Add Analog option for Miui 13 based on Android 12 Can not add analog clock widget...it does not show in widget menu... only digital and stacked option are available...,"Sadness, Anticipation","Joy, Trust, Fear, Surprise, Sadness, Disgust, Anger, Anticipation"
"Having checked the help centre, this appears to be intended functionality and can be worked around, but it's really not practical to do so when you have a lot of subtasks",Sadness,"Joy, Trust, Fear, Surprise, Sadness, Disgust, Anger, Anticipation, Neutral"
Huawei's remedy (Google it so that you can see my experience is far from unique) is a joke rendering the product a waste of space.,Disgust,"Joy, Trust, Fear, Surprise, Sadness, Disgust, Anger, Anticipation, Neutral"
My name is Joseph and I request you humbly to let my number continue working and accessing telegram because I use it to study and last night I missed lessons because of that problem.,Sadness,"Joy, Trust, Fear, Surprise, Sadness, Disgust, Anger, Anticipation, Neutral"
I feel more comfortable keeping an app like this in a secured folder.,Trust,"Joy, Trust, Fear, Surprise, Sadness, Disgust, Anger, Anticipation, Neutral"
pls enable reprioritize manually and material design layout..  it would improve your apps.. and then I will start consider to buy the apps because it's awesome. =),"Joy, Anticipation","Joy, Trust, Fear, Surprise, Sadness, Disgust, Anger, Anticipation"
I also love that I receive a reminder every hour to hydrate.,Trust,"Joy, Trust, Fear, Surprise, Sadness, Disgust, Anger, Anticipation, Neutral"
"It is THE tool for healping keep track of macros and more needs to be more promotional materials to make this mainstream, once it is 5 stars for sure baby.",Joy,"Joy, Trust, Fear, Surprise, Sadness, Disgust, Anger, Anticipation, Neutral"
I wish there was a mountain bike category.,Anticipation,"Joy, Trust, Fear, Surprise, Sadness, Disgust, Anger, Anticipation, Neutral"
In this new update video calling and floating app issue.,Sadness,"Joy, Trust, Fear, Surprise, Sadness, Disgust, Anger, Anticipation"
2022: the latest update completely broke bookmarks.,Sadness,"Joy, Trust, Fear, Surprise, Sadness, Disgust, Anger, Anticipation, Neutral"
Large file transfers can be time consuming.,Sadness,"Joy, Trust, Fear, Surprise, Sadness, Disgust, Anger, Anticipation, Neutral"
Very nice app for who did not know multiple languages,Joy,"Joy, Trust, Fear, Surprise, Sadness, Disgust, Anger, Anticipation, Neutral"
"Ads, ads,ads,ads bhikhari sale",Sadness,"Joy, Trust, Fear, Surprise, Sadness, Anger, Anticipation, Neutral"
App launcher icon does not appear correctly.,Sadness,"Joy, Trust, Fear, Surprise, Sadness, Disgust, Anticipation, Neutral"
nice to have a timer that just makes a notification sound instead of continuous alarm sound,Joy,"Joy, Trust, Fear, Surprise, Sadness, Disgust, Anger, Anticipation"
Excellent app that changed my concentration level and boosted my memory to a very high level.,Trust,"Joy, Trust, Fear, Surprise, Sadness, Disgust, Anticipation, Neutral"
I am old enough to remember when you had to buy OCR software for the scanners hooked up to PCs.,Neutral,"Joy, Trust, Fear, Surprise, Sadness, Disgust, Anger, Anticipation, Neutral"
Color notes is simple and easy to use you can make a checklist or just a regular text and save it I definitely recommend this app if you want simple easy to use way to put notes down quick this is your app 👍,"Joy, Trust","Joy, Trust, Fear, Surprise, Sadness, Disgust, Anticipation, Neutral"
"An amazing tracker for those who needs only the most important features, local storage and self-service.",Joy,"Joy, Trust, Fear, Surprise, Sadness, Disgust, Anger, Anticipation, Neutral"
"I click on the emoji options, then stickers and my whole app just closes by itself only because of the sticker maker app.",Sadness,"Joy, Trust, Fear, Surprise, Sadness, Disgust, Anger, Anticipation, Neutral"
It allows me to scan my favorites w/o having to look up each time.,Joy,"Joy, Trust, Fear, Surprise, Sadness, Disgust, Anticipation, Neutral"
"Wonderful notetaking app, I wish they added more features",Joy,"Joy, Trust, Fear, Surprise, Sadness, Disgust, Anticipation, Neutral"
Great way of tracking my workflow and project timeline,Joy,"Joy, Trust, Fear, Surprise, Sadness, Disgust, Anger, Anticipation, Neutral"
Excellent Task management I use almost daily.,Trust,"Joy, Trust, Fear, Surprise, Sadness, Disgust, Anger, Anticipation, Neutral"
It's very easy to use and it's a great tool for my wellness routine.,Trust,"Joy, Trust, Fear, Surprise, Sadness, Disgust, Anger, Anticipation, Neutral"
Very good app for JIO tagging in govt's tagging development works.,Joy,"Joy, Trust, Fear, Surprise, Sadness, Disgust, Anticipation"
VIBER IS EXCELLENT IN ENCRYPTED COMMUNICATION,Joy,"Joy, Trust, Fear, Surprise, Sadness, Anger, Anticipation, Neutral"
This app is missing Bluetooth support for call recording.,Anticipation,"Joy, Trust, Fear, Surprise, Sadness, Disgust, Anticipation, Neutral"
I missed an important early meeting and I've watched a notification popup without alarm while using my phone.,Sadness,"Joy, Trust, Fear, Surprise, Sadness, Disgust, Anger, Anticipation, Neutral"
only 6/15 meet new ppl was real the rest was chat bots.. reporting the Spam is ignored as well...,Fear,"Joy, Trust, Fear, Surprise, Sadness, Disgust, Anger, Anticipation"
Please Add Real-time Database,Anticipation,"Joy, Trust, Fear, Surprise, Sadness, Disgust, Anger, Anticipation, Neutral"
"So, that would be greate if I could create a habit named ""neck workouts"" consist of 6 subTasks.",Anticipation,"Joy, Trust, Fear, Surprise, Sadness, Disgust, Anger, Anticipation, Neutral"
its lke.,None,"Joy, Trust, Fear, Surprise, Sadness, Disgust, Anger, Anticipation, Neutral"
Super please hide chat option release,Anticipation,"Joy, Trust, Fear, Surprise, Sadness, Disgust, Anticipation, Neutral"
"I dont get bogged down with pop-up questions, or suggestions, or tutorials, it just works; thats what I want, and thats why I use it.",Trust,"Joy, Trust, Fear, Surprise, Sadness, Disgust, Anger, Anticipation, Neutral"
Phone calls?,Neutral,"Joy, Trust, Fear, Surprise, Sadness, Disgust, Anger, Anticipation, Neutral"
Secret chat immages don't show up just a blank screen or if you just set timers they are all blurred,Sadness,"Joy, Trust, Fear, Surprise, Sadness, Disgust, Anger, Anticipation, Neutral"
"It was an excellent GTD app, sortable next actions and subtasks, integrate evernote, email, and gcal, widgets to make it front and center.",Neutral,"Joy, Trust, Fear, Surprise, Sadness, Disgust, Anger, Anticipation, Neutral"
Why I don't get notifications on app also like other messaging apps.,"Surprise, Sadness","Joy, Trust, Fear, Surprise, Sadness, Disgust, Anticipation"
Now cannot import or export bookmarks!,"Surprise, Anger","Joy, Trust, Fear, Surprise, Sadness, Disgust, Anger, Anticipation, Neutral"
No subscription.,Neutral,"Joy, Trust, Fear, Surprise, Sadness, Disgust, Anger, Anticipation, Neutral"
Just as good if bot better than myfitnesspal,Joy,"Joy, Trust, Fear, Surprise, Sadness, Disgust, Anger, Anticipation, Neutral"
FACTS are FACTS AND TRUTH CAN BE PROVEN ON EVERYTHING I HAVE EVER SAID.I HAVE THE DAY 1 texts and messages admitting my personal information so there wouldn't be any future issues.,Anger,"Joy, Trust, Fear, Surprise, Sadness, Disgust, Anger, Anticipation, Neutral"
h ye apne aap hi msg jna bnd ho jate 1 din ya do din k baad or uske baad agr chaho ki dobra star krlo uninstall kr kr k account hi ni bnta .hide chat apne aap open ho jata h data clear krne k bajae agr delete krdo to chat open ho jati h or calls ki deatails b btata h jb hmari chat hide h to calls details b hide honi chhaiye plzzz ispe b dhiyn de,None,"Joy, Trust, Fear, Surprise, Sadness, Disgust, Anger, Anticipation, Neutral"
Good Translator,Joy,"Joy, Trust, Fear, Surprise, Sadness, Disgust, Anger, Anticipation, Neutral"
The only thing that would make this better is if the videos were available offline,Anticipation,"Joy, Trust, Fear, Surprise, Sadness, Disgust, Anger, Anticipation, Neutral"
The app looks good..only point you can add is comment section for each day..which will help to note down progress on that day,"Joy, Anticipation","Joy, Trust, Fear, Surprise, Sadness, Disgust, Anticipation, Neutral"
Good companion app for wellness with wide range of meditative topics to choose from.,Joy,"Joy, Trust, Fear, Surprise, Sadness, Disgust, Anticipation, Neutral"
The app is really nice and efficient but it needs some more updates...a reminder should be added to the app to remind users of things they planned to do or buy and also an alarm should be added too...if this updates are put in place the application will be super efficient.,"Joy, Anticipation","Joy, Trust, Fear, Surprise, Sadness, Disgust, Anger, Anticipation"
This app has all of that plus the gamification that me as an Old School D&D guy really enjoys.,Trust,"Joy, Trust, Fear, Surprise, Sadness, Disgust, Anger, Anticipation, Neutral"
The washer and dryer have been pathetic and the constant calls to repair guy are very upsetting and expensive!!!!!,Anger,"Joy, Trust, Fear, Surprise, Sadness, Disgust, Anger, Anticipation, Neutral"
The outdoor cycling work out mode does not work at all.,Sadness,"Joy, Trust, Fear, Surprise, Sadness, Disgust, Anger, Anticipation, Neutral"
Best social networking platform in the world.,Trust,"Joy, Trust, Fear, Surprise, Sadness, Disgust, Anger, Anticipation, Neutral"
Do not update!,Anticipation,"Joy, Trust, Surprise, Sadness, Anger, Anticipation, Neutral"
Improve call recording,Anticipation,"Joy, Trust, Fear, Surprise, Sadness, Disgust, Anger, Anticipation, Neutral"
"Great app, bad monetization strategy.","Joy, Sadness","Joy, Trust, Fear, Surprise, Sadness, Disgust, Anger, Anticipation, Neutral"
"I've used this messaging app forever, and it's great.",Trust,"Joy, Trust, Fear, Surprise, Sadness, Disgust, Anger, Anticipation, Neutral"
"At first - probably around 2019 the app did not hold long phone calls; however, along these past few years WhatsApp has grown and has been more reliable on calls photos and videos sharing.",Joy,"Joy, Trust, Fear, Surprise, Sadness, Disgust, Anger, Anticipation, Neutral"
There should be a better way of communication because of the way privacy is disregarded quite clearly.,"Fear, Sadness","Joy, Trust, Fear, Surprise, Sadness, Disgust, Anger, Anticipation, Neutral"
* Duplicating messages * Connection issues * Message synchronization issues Stick with the Steam app.,Sadness,"Joy, Trust, Fear, Surprise, Sadness, Disgust, Anger, Anticipation, Neutral"
Helps keep on top of appointments and meetings.,Joy,"Joy, Trust, Fear, Surprise, Sadness, Disgust, Anger, Anticipation, Neutral"
"And to John Melchert who claims this app's developer is using his info to send spam from his personal email server, that's not at all how that works.",Neutral,"Joy, Trust, Fear, Surprise, Sadness, Disgust, Anger, Anticipation"
"Just a suggestion that you should add a little more of features such a priority (like high, medium or low) and if we could change the background or something ... it would be great....",Anticipation,"Joy, Trust, Fear, Surprise, Sadness, Disgust, Anger, Anticipation, Neutral"
"Good for taking notes, could improve the tagging system by having the option to add more accessible (like replacing the share to other people button) and would be better if we could integrate or share the notebooks or notes to other programs like notion or evernote.","Joy, Anticipation","Joy, Trust, Fear, Surprise, Sadness, Disgust, Anger, Anticipation, Neutral"
Except for 1 thing is missing - there is no Radar!,Sadness,"Joy, Trust, Fear, Surprise, Sadness, Disgust, Anger, Anticipation, Neutral"
"However, Google blocked the access to two different GMail accounts, effectively rendering this app useless.",Disgust,"Joy, Trust, Fear, Surprise, Sadness, Disgust, Anger, Anticipation, Neutral"
The data encryption and sync feature are very impressive.,Joy,"Joy, Trust, Fear, Surprise, Sadness, Disgust, Anger, Anticipation, Neutral"
No subscription activated yet and sent email to the app developer email address but no response.,Sadness,"Joy, Trust, Fear, Surprise, Sadness, Disgust, Anger, Anticipation"
Absolutely ridiculous routing.,Disgust,"Joy, Trust, Fear, Surprise, Sadness, Anger, Anticipation, Neutral"
"So far so good, I may be able to stop carrying so many notebooks.",Trust,"Joy, Trust, Fear, Surprise, Sadness, Disgust, Anger, Anticipation, Neutral"
"Status history, Live video upload, change in user interface.",Neutral,"Joy, Trust, Fear, Surprise, Sadness, Disgust, Anticipation, Neutral"
This was such a great app for automatic backup to email sms and call log.,Neutral,"Joy, Trust, Fear, Surprise, Sadness, Disgust, Anger, Anticipation, Neutral"
The alarm has never rung on my phone neither has it pop up any notification.,Sadness,"Joy, Trust, Fear, Surprise, Sadness, Disgust, Anger, Anticipation, Neutral"
"Among the status saver apps this one is the 👌 👍 because it doesn't take long to load and also it gives u options on which whatsap u can save from, it has unique features like that of message encryption I rate it five star",Joy,"Joy, Trust, Fear, Surprise, Sadness, Disgust, Anticipation, Neutral"
"Also I would love it if you added a separate tab for group chats and for personal message chats, or having the option separate them.",Anticipation,"Joy, Trust, Fear, Surprise, Sadness, Disgust, Anger, Anticipation, Neutral"
"No subscription, Nice UI, many functionality",Joy,"Joy, Trust, Fear, Surprise, Sadness, Disgust, Anticipation, Neutral"
I really like this app ive used in my personal vehicle and a 150thousand dollar freightliner fully loaded and never steered me wrong with the deizl770 gps.,Trust,"Joy, Trust, Fear, Surprise, Sadness, Disgust, Anger, Anticipation, Neutral"
Automation is hell,Sadness,"Joy, Trust, Fear, Surprise, Sadness, Disgust, Anger, Anticipation, Neutral"
Ex: Which ones have a higher priority over another.,Neutral,"Joy, Trust, Fear, Surprise, Sadness, Disgust, Anger, Anticipation, Neutral"
Educational,Joy,"Joy, Trust, Surprise, Disgust, Anger, Neutral"
But I'm facing problem with notification of messages.,Sadness,"Joy, Trust, Fear, Surprise, Sadness, Disgust, Anger, Anticipation, Neutral"
